a=[1 2 3 ; 4 5 6 ; 7 8 9 ];
x=a(1,:)
y=a(:,1)
w=a(:,2)

